23 19 11 5 27 15
13 24 10 21 4 27
3 25 27 9 16 18
7 17 1 27 22 12
27 30 31 29 6 28
12 10 28 3 19 26
8 25 5 21 29 12
13 11 22 29 3 20
3 23 14 30 21 7
19 6 17 21 18 20
14 9 1 19 29 24
2 18 24 11 12 30
24 3 31 17 8 15
30 25 15 1 10 20
31 5 22 18 14 10
8 10 6 7 9 11
6 16 14 12 13 15
2 27 14 26 20 8
5 30 13 26 17 9
25 13 31 2 19 7
8 13 18 1 28 23
28 11 14 25 4 17
10 2 16 29 17 23
29 26 18 7 4 15
5 28 20 7 24 16
5 2 4 3 6 1
11 16 21 1 26 31
12 20 23 9 31 4
16 19 22 8 4 30
28 9 22 21 15 2
24 26 23 6 25 22
